AAPL: 0.061514901008800305
ABBV: 0.017932977191561283
ABT: 0.22136907235755876
ACN: 0.12889114511432753
ADBE: 0.12081296336585323
AIG: 0.0033036338879737226
ALL: -0.03235187083915514
AMGN: 0.005395295279619905
AMT: 0.4352354772479343
AMZN: 0.1774085237502132
AXP: 0.07113737887290239
BA: 1.1321474351543808
BAC: 0.4881185565507231
BIIB: 0.7563479771363333
BK: 0.1511720435000803
BKNG: 0.0064823187560012485
BLK: 0.20343536793785533
BMY: 0.474826629075507
C: 0.5370336720736444
CAT: -0.006845719110694426
CHTR: 1.170509037242358
CL: 0.05674471222988986
CMCSA: 0.38265969996860427
COF: 0.32593371415037886
COP: 0.21190407551028367
COST: -0.01183890313624092
CRM: 0.14000875157156845
CSCO: 0.2117954615886828
CVS: 0.29619956002720427
CVX: 0.2748922418742701
DD: 0.4148281123647506
DHR: 0.2702363792405509
DIS: 1.1130368707387466
DUK: 0.17357185542550124
EMR: 0.118625834600536
EXC: 0.38041117206114117
F: 1.1445761016290859
FDX: 0.25509892769069964
GD: 0.011981101090967394
GE: 0.5187114590798128
GILD: 0.3782947550834068
GM: 0.7531962775718788
GOOGL: 0.0250797673198484
GS: 0.08683707995875745
HD: 0.1631147790211933
HON: 0.1588751444238603
IBM: 0.22118375895451003
INTC: 0.4220100935394193
JNJ: 0.11836034790097183
JPM: 0.007458615302732063
KHC: 1.447145390655968 
KMI: 1.4481867105768904
KO: 0.07688142357226813
LLY: -0.021044511418065293
LMT: 0.06166847293381772
LOW: 0.15998443894302428
MA: -0.00419052369388373
MCD: 0.009082048569483803
MDLZ: 0.0700469650306923
MDT: 0.5600027552719489
MET: 0.1298677281561602
META: 0.03422293324142389
MMM: 1.2435639577299855
MO: 0.8481866589793352
MRK: -0.012890318548134938
MS: 0.21960661820395821
MSFT: -0.01514703804457207
NEE: 0.5199771471767973
NFLX: 0.41515279927093207
NKE: 0.6860617656542187
NVDA: -0.009458067502176482
ORCL: 0.11454849824273183
OXY: 0.7916460709387458
PEP: 0.16383700888748676
PFE: 0.7545542910140663
PG: 0.08227608012334109
PM: 0.27749699191081123
PYPL: 4.1571800868886895
QCOM: 0.296315880674227
RTX: 0.1928216286240907
SBUX: 0.28801911488638576
SLB: 1.370680961938323
SO: 0.1412214420936928
SPG: 0.5475799098627192
T: 0.9789473252444969
TGT: 0.8500772706215844
TMO: 0.13632230767462228
TSLA: 0.7008412489967915
TXN: 0.09781011894173486
UNH: 0.046413994666755
UNP: 0.16119312009182063
UPS: 0.4090490708471952
USB: 0.4759461026516958
V: -0.029607223268480642
VZ: 0.5558421038569257
WBA: 3.2472532233243294
WFC: 0.40144501913199604
WM: -0.010748706108330675
WMT: 0.017163768037163463
XOM: 0.1825931608429352