AAPL: 0.055641993895349406
ABBV: 0.01882826770562196
ABT: 0.15174064387147723
ACN: -0.04170090120565395
ADBE: 0.11888251047165754
AIG: 0.0058236462294740665
ALL: -0.032123322895264095
AMGN: -0.0252174408413931
AMT: 0.38145568242595296
AMZN: 0.1452335257655355
AXP: 0.045236785591303175
BA: 1.1080507425793034
BAC: 0.45544082817433473
BIIB: 0.7183447684593374
BK: 0.10047335986777162
BKNG: -0.14977308220160102
BLK: 0.19075619144708633
BMY: 0.5176813142851202
C: 0.5280336866366167
CAT: 0.006926069347869879
CHTR: 1.174350532520004
CL: 0.055934652455483125
CMCSA: 0.10438122995806065
COF: 0.31940028055206926
COP: 0.20219703436125913
COST: -0.11726936785992603
CRM: 0.17190657149325528
CSCO: 0.20025454723090808
CVS: 0.38620187363800595
CVX: 0.04448315320252805
DD: 0.4191658848823192
DHR: 0.2340268967030874
DIS: 0.9566857055512257
DUK: 0.20437741867297254
EMR: 0.10656552212058368
EXC: 0.37856153334275944
F: 0.7843496094369018
FDX: 0.25542967020383833
GD: 0.0053793217175011065
GE: 0.33145620785134566
GILD: 0.4127781019607
GM: 0.745683860799373
GOOGL: 0.020029257668432443
GS: 0.08348559184764937
HD: 0.18791236109414267
HON: 0.14871809127779811
IBM: 0.1826883224876159
INTC: 0.31533122779473044
JNJ: 0.08170870479736503
JPM: 0.016815777975558444
KHC: 1.4616743911576457
KMI: 1.398962512555327
KO: 0.07392400049586567
LLY: -0.04347507383559723
LMT: 0.07913906605845766
LOW: 0.1365607866235592
MA: -0.18560877753068916
MCD: 0.004160858589569827
MDLZ: 0.04143964111611487
MDT: 0.5114613847545892
MET: 0.0873586205511172
META: 0.027071710830168128
MMM: 1.1005056903261519
MO: 0.8544832443433166
MRK: -0.049823688145472556
MS: 0.20216993134549166
MSFT: -0.005531888487993242
NEE: 0.5254427134799038
NFLX: 0.3448668949892444
NKE: 0.500953840371344
NVDA: -0.046140730103917504
ORCL: 0.09744503916534097
OXY: 0.7682011098683612
PEP: 0.12481721058975692
PFE: 1.074397488296507
PG: 0.07331344531958939
PM: 0.2742832725545268
PYPL: 4.10314318878397
QCOM: 0.32295485520062894
RTX: 0.1713217174089885
SBUX: 0.23450813787388625
SLB: 1.3950272332345035
SO: 0.13652822880750004
SPG: 0.4852358598212474
T: 0.9305810111114077
TGT: 0.8351819171225066
TMO: 0.1515379704512423
TSLA: 0.6727036353171449
TXN: 0.1881909350631079
UNH: 0.04592084116447914
UNP: 0.04894209441827324
UPS: 0.37869045818971503
USB: 0.4734857649474349
V: -0.04389328517834623
VZ: 0.5385624230925019
WBA: 3.0247723923666134
WFC: 0.38421924014509434
WM: -0.032215434022450085
WMT: 0.005282040841266378
XOM: 0.18233286187342546