AAPL: 0.0648225818865582
ABBV: 0.014754434191329713
ABT: 0.16645003035659167
ACN: 0.20595936445001573
ADBE: 0.11347641758863292
AIG: 9.543070476780713e-05
ALL: -0.029475307017037267
AMGN: 0.0077465656309352315
AMT: 0.45630672024977414
AMZN: 0.168271969199969
AXP: 0.05577490267460705
BA: 1.1569900189233926
BAC: 0.3071948373771476
BIIB: 0.7344885851170735
BK: 0.15907281718768806
BKNG: -0.0005530035075214101
BLK: 0.21359114285046665
BMY: 0.599787595099206
C: 0.551274371798633
CAT: -0.0002254719649903425
CHTR: 1.0279412435588577
CL: 0.07069022825432447
CMCSA: 0.37230265659441497
COF: 0.35034337880656774
COP: 0.20288377064951368
COST: -0.021672613517969785
CRM: 0.12961259632817823
CSCO: 0.2599538954815783
CVS: 0.39726191135828803
CVX: 0.2738046002796728
DD: 0.4678815810207506
DHR: 0.2782747337392275
DIS: 1.0758440624385113
DUK: 0.1706567182567218
EMR: 0.12851703282068438
EXC: 0.38034310149870487
F: 1.153264923467411
FDX: 0.2718149218547896
GD: 0.013770760555853023
GE: 0.5135819103542121
GILD: 0.3898167109499746
GM: 0.7837271056358768
GOOGL: 0.02824824391522407
GS: 0.09116104670984515
HD: 0.1430549003413113
HON: 0.170547250006714
IBM: 0.19980367267508936
INTC: 0.4157970114370966
JNJ: 0.11702470668839071
JPM: 0.00740873721433255
KHC: 1.4399637932718656
KMI: 1.4555171716163096
KO: 0.07313762823494296
LLY: -0.03082999518959406
LMT: 0.05864015293107383
LOW: 0.17482416861043637
MA: -0.012921745887379932
MCD: 0.01182124428176401
MDLZ: 0.061444420926135335
MDT: 0.5307907599676898
MET: 0.11050851075090673
META: 0.02162203580243105
MMM: 1.2436663612139864
MO: 0.8692357635832981
MRK: -0.037692867090421855
MS: 0.2112417604064465
MSFT: -0.015754406836442802
NEE: 0.5103364932285135
NFLX: 0.4715259757339121
NKE: 0.6876469659346325
NVDA: -0.01990107991727974
ORCL: 0.10320671628611544
OXY: 0.7159752120918645
PEP: 0.1632546922387974
PFE: 1.1086145952510598
PG: 0.0797322011343582
PM: 0.2700961107573152
PYPL: 4.175373850156418
QCOM: 0.3069283330814283
RTX: 0.19060080017084546
SBUX: 0.2556720807309787
SLB: 1.2250262992654304
SO: 0.09924294758242014
SPG: 0.5479057563730365
T: 0.9672480066753244
TGT: 0.7806815774675564
TMO: 0.20540238432349112
TSLA: 0.6890639666317251
TXN: 0.18844546762494674
UNH: 0.047455945371168484
UNP: 0.15746064707939933
UPS: 0.3991856406480816
USB: 0.48902205155343514
V: -0.022754325637546757
VZ: 0.5550414446328678
WBA: 3.3150595166029886
WFC: 0.39942033142068856
WM: -0.02444864626188059
WMT: 0.016341794186696568
XOM: 0.19382779324393384