AAPL: 0.06415839305728555
ABBV: 0.009050814619290692
ABT: -0.0054735213402749006
ACN: 0.06842038913626913
ADBE: 0.12519354715382836
AIG: 21.077087758102675
ALL: -0.018727824416354566
AMGN: -0.010050811913948299
AMT: 0.39157716824368016
AMZN: 0.1587419987852161
AXP: 0.04000690099684623
BA: 1.059910596077835
BAC: 0.6818768370470369
BIIB: 0.6626850625310068
BK: 0.08258971752244948
BKNG: -0.09081763567690382
BLK: 0.19765256000350795
BMY: 0.5432975153971791
C: 9.580414112949338
CAT: -0.0010486114353273068
CHTR: 1.1145142083524275
CL: 0.008466635307124992
CMCSA: 0.3821579633983685
COF: 0.3220535178825181
COP: 0.19091682568133317
COST: -0.07982793097868512
CRM: 0.1554016687891253
CSCO: 0.20709306062018462
CVS: 0.34224521724244483
CVX: 0.18668582683079737
DD: 0.4048281615806886
DHR: 0.15938391501718097
DIS: 1.0100086950510558
DUK: 0.1535105528668761
EMR: 0.09343958602450053
EXC: 0.7855451170884953
F: 0.8920369070624801
FDX: 0.2515893346157798
GD: -0.014082574303415196
GE: 0.9207088566108805
GILD: 0.3819359865989338
GM: 0.7497309294489087
GOOGL: 0.024184408763121557
GS: 0.12918479555177642
HD: 0.140448420213783
HON: 0.15267898031183402
IBM: 0.20050522662644532
INTC: 0.33616826310927617
JNJ: 0.1082803630862823
JPM: 0.004924042763952974
KHC: 1.4704128145575086
KMI: 1.4147487059305783
KO: 0.06882942358010102
LLY: -0.03662011623368144
LMT: 0.07366389148517438
LOW: -0.046724213214652366
MA: -0.029236023656834087
MCD: 0.008443243989792792
MDLZ: -0.03070631198146767
MDT: 0.5063881210153793
MET: 0.13746329494662968
META: 0.010449922670572986
MMM: 1.116368926395483
MO: 1.111386988421383
MRK: -0.09563214906215134
MS: 0.19220778860119747
MSFT: -0.004224368396263722
NEE: 0.45932054086051166
NFLX: 0.42536868275839423
NKE: 0.7002382571110752
NVDA: -0.032766148037829956
ORCL: 0.11451631540490026
OXY: 0.5397288742985884
PEP: 0.13684071092764305
PFE: 0.9580378503632192
PG: 0.07202070525245197
PM: 0.27232921992881365
PYPL: 4.118466072248835
QCOM: 0.2933243803187042
RTX: 0.180333058352123
SBUX: 0.2815990353446398
SLB: 1.3338664661001052
SO: 0.12338270955260144
SPG: 0.5477718708003803
T: 0.9679783817983754
TGT: 0.8356383431210632
TMO: 0.16907587784668054
TSLA: 0.680088833722289
TXN: 0.1753095890942844
UNH: 0.04281213692921226
UNP: 0.08126240193868273
UPS: 0.370987343468574
USB: 0.4497870702530453
V: -0.016424656992246378
VZ: 0.5534029549828618
WBA: 3.107694884785758
WFC: 0.3430415254942014
WM: -0.03418481550825625
WMT: 0.004209377677174109
XOM: 0.19132243596864673